--------------------------------------------------------------------------------
--			Experimental results varyingfault		      --
--------------------------------------------------------------------------------
fault	Speed		CD Calls	WC Calls	Channel Length
	Mean	St.Dev	Mean	St.Dev	Mean	St.Dev	Mean	St.Dev
--------------------------------------------------------------------------------
1	354.922	186.21498306	6.87	2.03398623398	0.125	0.351247775794	3.64827706116	1.25485649943
2	356.314	183.402375677	6.718	2.02496320954	0.147	0.381301717804	3.60490282044	1.29051745267
3	359.681	184.283480646	6.914	2.07282512528	0.135	0.372525166935	3.59003851685	1.21616051978
4	342.755	170.166533064	6.821	2.10450920644	0.14	0.387814388593	3.53831968227	1.13784837803
5	356.964	182.744304163	6.917	2.10335707858	0.123	0.349100272128	3.57421255856	1.18828492904
6	367.308	200.802218952	6.862	2.07291003182	0.12	0.35721142199	3.65032777889	1.25651298817
7	367.226	196.870188002	6.918	2.0506769614	0.133	0.383811151479	3.64794777877	1.23030289977
8	358.497	191.795849775	6.85	2.08458628989	0.121	0.355470111261	3.61883908289	1.25001995066
9	367.917	197.731798432	6.788	2.02806706004	0.124	0.358641882663	3.63094072188	1.20421532536
10	360.096	223.047507908	6.715	2.02725800035	0.141	0.396382391133	3.62606543677	1.28540053463
